version https://git-lfs.github.com/spec/v1
oid sha256:6c61735421c0791501cc99912fd44fe6dfa086788ff996defc659e5d177cd544
size 35912
