version https://git-lfs.github.com/spec/v1
oid sha256:4a30eadcae89bf4716a116057d44cdfaabf197e982520c0eeabc613c87b1f7a2
size 44697
