version https://git-lfs.github.com/spec/v1
oid sha256:26a097d926e62eea1ed34b82904533aad767627685d08ff2bfe4dfe1ed6d141d
size 23356
