version https://git-lfs.github.com/spec/v1
oid sha256:9ec513aeae3d98163d542baefe0b00b8ad60837d12e4a58661245bbb499150d3
size 21667
